image_width: 1280
image_height: 720
camera_name: picky_2
distortion_model: plumb_bob
camera_matrix:
  rows: 3
  cols: 3
  data:
  - 1553.5809108055703
  - 0.0
  - 674.3934316187749
  - 0.0
  - 1548.2007787854222
  - 387.533789910139
  - 0.0
  - 0.0
  - 1.0
distortion_coefficients:
  rows: 1
  cols: 5
  data:
  - -0.015069061901730072
  - 1.5639704022252725
  - -0.0026099612328469787
  - 0.001162956073537129
  - -8.726133640084543
rectification_matrix:
  rows: 3
  cols: 3
  data:
  - 1.0
  - 0.0
  - 0.0
  - 0.0
  - 1.0
  - 0.0
  - 0.0
  - 0.0
  - 1.0
projection_matrix:
  rows: 3
  cols: 4
  data:
  - 1553.5809108055703
  - 0.0
  - 674.3934316187749
  - 0.0
  - 0.0
  - 1548.2007787854222
  - 387.533789910139
  - 0.0
  - 0.0
  - 0.0
  - 1.0
  - 0.0
