image_width: 1280
image_height: 720
camera_name: pinky_camera
distortion_model: plumb_bob
camera_matrix:
  rows: 3
  cols: 3
  data:
  - 1564.8861778174316
  - 0.0
  - 634.6279547011992
  - 0.0
  - 1557.9751956153086
  - 386.3538829840184
  - 0.0
  - 0.0
  - 1.0
distortion_coefficients:
  rows: 1
  cols: 5
  data:
  - -0.03862007925270209
  - 1.9953590527035414
  - -0.004035341465584413
  - 0.007809686398255311
  - -10.752768150812287
rectification_matrix:
  rows: 3
  cols: 3
  data:
  - 1.0
  - 0.0
  - 0.0
  - 0.0
  - 1.0
  - 0.0
  - 0.0
  - 0.0
  - 1.0
projection_matrix:
  rows: 3
  cols: 4
  data:
  - 1564.8861778174316
  - 0.0
  - 634.6279547011992
  - 0.0
  - 0.0
  - 1557.9751956153086
  - 386.3538829840184
  - 0.0
  - 0.0
  - 0.0
  - 1.0
  - 0.0
