image_width: 1280
image_height: 720
camera_name: pinky_camera
distortion_model: plumb_bob
camera_matrix:
  rows: 3
  cols: 3
  data:
  - 985.2905146973088
  - 0.0
  - 639.6788580985803
  - 0.0
  - 985.1639226270551
  - 356.3337085069538
  - 0.0
  - 0.0
  - 1.0
distortion_coefficients:
  rows: 1
  cols: 5
  data:
  - -0.009886920170813706
  - 0.04109867043833388
  - -0.0012477127326946092
  - 0.00016340382023196295
  - -0.053581046132224315
rectification_matrix:
  rows: 3
  cols: 3
  data:
  - 1.0
  - 0.0
  - 0.0
  - 0.0
  - 1.0
  - 0.0
  - 0.0
  - 0.0
  - 1.0
projection_matrix:
  rows: 3
  cols: 4
  data:
  - 985.2905146973088
  - 0.0
  - 639.6788580985803
  - 0.0
  - 0.0
  - 985.1639226270551
  - 356.3337085069538
  - 0.0
  - 0.0
  - 0.0
  - 1.0
  - 0.0
